Afganistan ; 2911 ; 2397 ; 3219 ; 3527 ; 3801 ; 651
Albania ; 114 ; 107 ; 186 ; 339 ; 638 ; 270
Alemania ; 1546 ; 1627 ; 2928 ; 5369 ; 17245 ; 12609
Andorra ; 2 ; 2 ; 3 ; 6 ; 22 ; 10
Angola ; 1800 ; 1540 ; 2104 ; 2408 ; 2668 ; 499
Anguilla ; 1 ; 1 ; 1 ; 2 ; 4 ; 1
Antigua y Barbuda ; 3 ; 3 ; 6 ; 8 ; 20 ; 6
Antillas Neerlandesas ; 6 ; 7 ; 10 ; 12 ; 55 ; 21
Arabia Saudita ; 1476 ; 1418 ; 2170 ; 3067 ; 4398 ; 723
Argelia ; 1752 ; 1676 ; 2400 ; 4114 ; 7313 ; 1638
Argentina ; 1659 ; 1659 ; 2638 ; 4000 ; 7871 ; 3829
Armenia ; 107 ; 104 ; 148 ; 311 ; 691 ; 311
Aruba ; 3 ; 3 ; 6 ; 9 ; 26 ; 11
Australia ; 678 ; 678 ; 1085 ; 1763 ; 4589 ; 2555
Austria ; 186 ; 195 ; 330 ; 610 ; 1837 ; 1160
Azerbaiyan ; 386 ; 358 ; 500 ; 1009 ; 1998 ; 537
Bahamas ; 14 ; 14 ; 23 ; 36 ; 77 ; 25
Bahrein ; 34 ; 34 ; 56 ; 86 ; 153 ; 18
Bangladesh ; 7885 ; 7885 ; 13316 ; 19274 ; 31714 ; 6483
Barbados ; 7 ; 7 ; 11 ; 21 ; 59 ; 28
Belarus ; 225 ; 234 ; 355 ; 776 ; 2226 ; 1197
Belgica ; 294 ; 305 ; 468 ; 772 ; 2208 ; 1512
Belice ; 18 ; 18 ; 28 ; 39 ; 55 ; 12
Benin ; 830 ; 735 ; 969 ; 1097 ; 1331 ; 309
Bermudas ; 2 ; 2 ; 3 ; 5 ; 13 ; 6
Bhutan ; 36 ; 34 ; 56 ; 90 ; 119 ; 28
Bolivia ; 608 ; 597 ; 912 ; 1183 ; 1682 ; 467
Bosnia y Herzegovina ; 82 ; 82 ; 153 ; 294 ; 872 ; 455
Botswana ; 116 ; 112 ; 166 ; 255 ; 314 ; 84
Brasil ; 6695 ; 7506 ; 13592 ; 19881 ; 42196 ; 13389
Brunei Darussalam ; 18 ; 17 ; 27 ; 49 ; 90 ; 15
Bulgaria ; 167 ; 174 ; 254 ; 494 ; 1569 ; 1104
Burkina Faso ; 1673 ; 1483 ; 1730 ; 1939 ; 2301 ; 361
Burundi ; 659 ; 574 ; 800 ; 1139 ; 1346 ; 273
Cabo Verde ; 30 ; 29 ; 48 ; 66 ; 92 ; 21
Camboya ; 883 ; 801 ; 1243 ; 2045 ; 2683 ; 638
Camerun ; 1596 ; 1485 ; 1995 ; 2461 ; 2860 ; 665
Canada ; 923 ; 923 ; 1491 ; 2733 ; 7489 ; 4259
Chad ; 1128 ; 958 ; 1273 ; 1391 ; 1535 ; 328
Chile ; 609 ; 609 ; 1004 ; 1721 ; 3621 ; 1488
China ; 42119 ; 39311 ; 64582 ; 124953 ; 296237 ; 106701
Chipre ; 26 ; 25 ; 41 ; 80 ; 202 ; 100
Colombia ; 2173 ; 2173 ; 3457 ; 4988 ; 9482 ; 2815
Comoras ; 62 ; 60 ; 85 ; 106 ; 152 ; 28
Congo ; 287 ; 266 ; 380 ; 482 ; 570 ; 131
Costa Rica ; 188 ; 183 ; 317 ; 511 ; 952 ; 292
Cote d'Ivoire ; 1695 ; 1574 ; 2203 ; 2639 ; 3099 ; 726
Croacia ; 105 ; 101 ; 170 ; 310 ; 926 ; 647
Cuba ; 269 ; 280 ; 516 ; 897 ; 2478 ; 1166
Dinamarca ; 144 ; 155 ; 260 ; 398 ; 1077 ; 740
Djibouti ; 54 ; 52 ; 80 ; 112 ; 146 ; 30
Dominica ; 2 ; 2 ; 4 ; 6 ; 15 ; 4
Ecuador ; 657 ; 671 ; 1109 ; 1503 ; 2525 ; 847
Egipto ; 4864 ; 4681 ; 6883 ; 9912 ; 15510 ; 3946
El Salvador ; 300 ; 287 ; 504 ; 753 ; 1149 ; 402
Emiratos Arabes Unidos ; 156 ; 156 ; 244 ; 332 ; 805 ; 47
Eritrea ; 439 ; 415 ; 535 ; 649 ; 847 ; 150
Eslovaquia ; 136 ; 136 ; 212 ; 440 ; 1223 ; 658
Eslovenia ; 49 ; 47 ; 72 ; 135 ; 448 ; 292
España ; 1227 ; 1227 ; 1747 ; 2879 ; 10621 ; 6089
Estados Unidos de America ; 10635 ; 10967 ; 16949 ; 26919 ; 65802 ; 36557
Estonia ; 41 ; 37 ; 49 ; 102 ; 283 ; 205
Etiopia ; 7314 ; 6640 ; 9046 ; 10682 ; 11933 ; 2695
Federacion de Rusia ; 3726 ; 3726 ; 5243 ; 11177 ; 32564 ; 17938
Fiji ; 39 ; 40 ; 67 ; 89 ; 149 ; 46
Filipinas ; 5392 ; 5290 ; 7935 ; 10987 ; 16684 ; 4171
Finlandia ; 147 ; 147 ; 234 ; 386 ; 1032 ; 820
Francia ; 1789 ; 1917 ; 3067 ; 4473 ; 12461 ; 9074
Gabon ; 95 ; 90 ; 138 ; 190 ; 246 ; 61
Gambia ; 147 ; 133 ; 185 ; 208 ; 274 ; 54
Georgia ; 114 ; 114 ; 167 ; 363 ; 903 ; 506
Ghana ; 1777 ; 1616 ; 2289 ; 2908 ; 3877 ; 835
Gibraltar ; 1 ; 1 ; 1 ; 2 ; 7 ; 3
Granada ; 5 ; 5 ; 7 ; 13 ; 18 ; 6
Grecia ; 248 ; 259 ; 405 ; 698 ; 2466 ; 1588
Groenlandia ; 2 ; 2 ; 3 ; 5 ; 12 ; 6
Guadalupe ; 16 ; 17 ; 27 ; 37 ; 102 ; 52
Guam ; 8 ; 8 ; 13 ; 18 ; 35 ; 13
Guatemala ; 1120 ; 1055 ; 1509 ; 1801 ; 2239 ; 584
Guayana francesa ; 14 ; 13 ; 21 ; 26 ; 46 ; 11
Guinea ; 912 ; 805 ; 1078 ; 1232 ; 1481 ; 343
Guinea Ecuatorial ; 61 ; 52 ; 69 ; 85 ; 107 ; 20
Guinea-Bissau ; 148 ; 128 ; 170 ; 187 ; 240 ; 61
Guyana ; 29 ; 30 ; 60 ; 72 ; 134 ; 42
Haiti ; 625 ; 614 ; 931 ; 1271 ; 1687 ; 405
Honduras ; 486 ; 470 ; 713 ; 973 ; 1258 ; 302
Hungria ; 237 ; 237 ; 385 ; 721 ; 2133 ; 1471
India ; 59533 ; 59533 ; 94476 ; 134596 ; 221307 ; 58239
Indonesia ; 9523 ; 10012 ; 16361 ; 24175 ; 49327 ; 13186
Iran (Republica Islamica del) ; 3258 ; 3258 ; 4370 ; 8978 ; 16050 ; 3258
Iraq ; 2261 ; 2189 ; 3230 ; 3875 ; 4988 ; 1112
Irlanda ; 171 ; 171 ; 239 ; 362 ; 1036 ; 454
Islandia ; 12 ; 11 ; 17 ; 29 ; 68 ; 33
Islas Caiman ; 2 ; 2 ; 4 ; 5 ; 13 ; 4
Islas Cook ; 1 ; 1 ; 2 ; 2 ; 3 ; 1
Islas Feroe (Miembro Asociado) ; 2 ; 2 ; 2 ; 4 ; 10 ; 7
Islas Malvinas ; 0 ; 0 ; 0 ; 0 ; 1 ; 0
Islas Marianas septentrionales ; 5 ; 4 ; 7 ; 11 ; 19 ; 3
Islas Marshall ; 3 ; 3 ; 5 ; 8 ; 14 ; 3
Islas Salomon ; 36 ; 35 ; 52 ; 63 ; 87 ; 16
Islas Turcas y Caicos ; 1 ; 1 ; 2 ; 3 ; 8 ; 2
Islas Virgenes (EE.UU.) ; 3 ; 3 ; 6 ; 9 ; 20 ; 15
Islas Virgenes Britanicas ; 1 ; 1 ; 1 ; 2 ; 5 ; 2
Islas Wallis y Futuna ; 1 ; 1 ; 1 ; 2 ; 3 ; 1
Israel ; 336 ; 344 ; 516 ; 673 ; 1369 ; 688
Italia ; 1273 ; 1394 ; 2242 ; 3515 ; 13030 ; 9515
Jamahiriya Arabe Libia ; 351 ; 351 ; 494 ; 673 ; 1346 ; 258
Jamaica ; 120 ; 120 ; 206 ; 295 ; 507 ; 170
Japon ; 2264 ; 2516 ; 4528 ; 7422 ; 24781 ; 23271
Jordania ; 376 ; 376 ; 550 ; 751 ; 1134 ; 209
Kazajstan ; 700 ; 717 ; 896 ; 1629 ; 3388 ; 1222
Kenya ; 3622 ; 3343 ; 4272 ; 5108 ; 5758 ; 1114
Kirguistan ; 282 ; 276 ; 400 ; 658 ; 1075 ; 282
Kiribati ; 5 ; 5 ; 8 ; 13 ; 21 ; 4
Kuwait ; 128 ; 128 ; 182 ; 277 ; 601 ; 71
La ex Republica Yugoslava de Macedonia ; 53 ; 53 ; 94 ; 174 ; 436 ; 215
Lesotho ; 134 ; 132 ; 208 ; 284 ; 282 ; 95
Letonia ; 57 ; 55 ; 77 ; 174 ; 481 ; 334
Libano ; 164 ; 159 ; 279 ; 451 ; 934 ; 274
Liberia ; 350 ; 313 ; 434 ; 499 ; 616 ; 126
Liechtenstein ; 1 ; 1 ; 1 ; 2 ; 8 ; 5
Lituania ; 75 ; 72 ; 119 ; 264 ; 679 ; 459
Luxemburgo ; 14 ; 14 ; 24 ; 40 ; 114 ; 56
Madagascar ; 1668 ; 1531 ; 2171 ; 2514 ; 3017 ; 617
Malasia ; 1322 ; 1322 ; 2103 ; 3094 ; 5528 ; 1442
Malawi ; 1458 ; 1296 ; 1800 ; 1962 ; 2034 ; 486
Maldivas ; 15 ; 14 ; 22 ; 44 ; 63 ; 11
Mali ; 1229 ; 1065 ; 1409 ; 1649 ; 1904 ; 300
Malta ; 9 ; 9 ; 17 ; 33 ; 86 ; 55
Marruecos ; 1579 ; 1511 ; 2334 ; 3708 ; 6729 ; 1682
Martinica ; 12 ; 12 ; 22 ; 32 ; 89 ; 51
Mauricio ; 45 ; 43 ; 78 ; 122 ; 286 ; 103
Mauritania ; 246 ; 228 ; 325 ; 399 ; 545 ; 97
Mexico ; 4621 ; 4852 ; 7971 ; 11668 ; 22875 ; 6816
Micronesia (Estados Federados de) ; 6 ; 6 ; 10 ; 13 ; 16 ; 4
Monaco ; 1 ; 1 ; 1 ; 2 ; 7 ; 5
Mongolia ; 120 ; 117 ; 174 ; 337 ; 588 ; 108
Montenegro ; 18 ; 18 ; 31 ; 52 ; 130 ; 69
Montserrat ; 0 ; 0 ; 0 ; 1 ; 1 ; 0
Mozambique ; 1973 ; 1843 ; 2570 ; 2803 ; 3271 ; 779
Myanmar ; 2283 ; 2230 ; 3504 ; 5415 ; 10936 ; 2814
Namibia ; 142 ; 140 ; 207 ; 287 ; 355 ; 87
Nauru ; 1 ; 1 ; 1 ; 1 ; 2 ; 0
Nepal ; 1723 ; 1690 ; 2795 ; 3705 ; 5265 ; 1203
Nicaragua ; 338 ; 332 ; 507 ; 733 ; 1021 ; 244
Niger ; 1915 ; 1589 ; 1800 ; 1858 ; 2049 ; 326
Nigeria ; 13195 ; 11963 ; 16185 ; 19000 ; 22695 ; 4750
Noruega ; 141 ; 151 ; 242 ; 383 ; 997 ; 267
Nueva Caledonia ; 10 ; 10 ; 17 ; 26 ; 54 ; 33
Nueva Zelandia ; 144 ; 144 ; 229 ; 368 ; 907 ; 305
Oman ; 160 ; 147 ; 230 ; 336 ; 461 ; 339
Paises Bajos ; 440 ; 457 ; 795 ; 1218 ; 3434 ; 423
Pakistan ; 12741 ; 11714 ; 16851 ; 22605 ; 29387 ; 26510
Palau ; 1 ; 1 ; 2 ; 2 ; 4 ; 1
Panama ; 166 ; 170 ; 264 ; 362 ; 694 ; 136
Papua Nueva Guinea ; 484 ; 461 ; 676 ; 814 ; 1152 ; 438
Paraguay ; 364 ; 364 ; 561 ; 778 ; 1100 ; 175
Peru ; 1404 ; 1435 ; 2277 ; 3276 ; 5553 ; 1373
Polinesia Francesa ; 12 ; 12 ; 18 ; 29 ; 55 ; 15
Polonia ; 907 ; 907 ; 1436 ; 2985 ; 8351 ; 2078
Portugal ; 237 ; 259 ; 431 ; 690 ; 2384 ; 1445
Puerto Rico ; 126 ; 122 ; 208 ; 330 ; 831 ; 587
Qatar ; 42 ; 42 ; 62 ; 85 ; 178 ; 202
Reino Unido ; 1842 ; 1779 ; 2795 ; 4892 ; 12769 ; 508
Republica Arabe Siria ; 1421 ; 1421 ; 1935 ; 2645 ; 3944 ; 3135
Republica Centroafricana ; 340 ; 315 ; 463 ; 562 ; 660 ; 143
Republica Checa ; 273 ; 263 ; 368 ; 746 ; 2228 ; 347
Republica De Corea ; 1032 ; 1081 ; 2064 ; 3736 ; 11748 ; 6832
Republica De Moldova ; 104 ; 100 ; 142 ; 343 ; 755 ; 364
Republica Democratica Del Congo ; 6581 ; 5652 ; 7664 ; 8439 ; 8903 ; 8439
Republica Democratica Popular Lao ; 415 ; 387 ; 604 ; 843 ; 1033 ; 162
Republica Dominicana ; 522 ; 532 ; 815 ; 1130 ; 1880 ; 359
Republica Popular Democratica de Corea ; 756 ; 756 ; 1342 ; 2269 ; 5221 ; 1220
Republica Unida de Tanzania ; 4429 ; 3856 ; 4846 ; 5419 ; 6045 ; 4221
Reunion ; 36 ; 37 ; 57 ; 82 ; 177 ; 24
Rumania ; 478 ; 499 ; 831 ; 1601 ; 4594 ; 1538
Rwanda ; 986 ; 834 ; 1057 ; 1327 ; 1550 ; 1515
Sahara occidental ; 31 ; 28 ; 39 ; 64 ; 119 ; 15
Saint Kitts y Nevis ; 2 ; 2 ; 3 ; 5 ; 12 ; 1
Saint-Pierre y Miquelon ; 0 ; 0 ; 0 ; 0 ; 1 ; 0
Samoa ; 9 ; 9 ; 18 ; 21 ; 21 ; 18
Samoa Americana ; 4 ; 4 ; 6 ; 8 ; 12 ; 3
San Marino ; 1 ; 1 ; 1 ; 2 ; 7 ; 2
San Vicente y las Granadinas ; 4 ; 5 ; 8 ; 11 ; 21 ; 12
Santa Elena ; 0 ; 0 ; 0 ; 0 ; 1 ; 0
Santa Lucia ; 7 ; 7 ; 12 ; 20 ; 36 ; 18
Santo Tome y Principe ; 12 ; 11 ; 17 ; 20 ; 25 ; 10
Senegal ; 1104 ; 1017 ; 1365 ; 1627 ; 1917 ; 1554
Serbia ; 265 ; 275 ; 452 ; 776 ; 2025 ; 295
Seychelles ; 4 ; 4 ; 7 ; 10 ; 14 ; 2
Sierra Leona ; 525 ; 472 ; 629 ; 695 ; 911 ; 787
Singapur ; 96 ; 96 ; 212 ; 405 ; 1148 ; 0
Somalia ; 923 ; 773 ; 1009 ; 1073 ; 1363 ; 419
Sri Lanka ; 847 ; 868 ; 1249 ; 1820 ; 4297 ; 381
Sudafrica ; 2533 ; 2533 ; 4031 ; 5840 ; 8631 ; 5685
Sudan ; 2959 ; 2816 ; 4248 ; 5298 ; 6825 ; 1193
Suecia ; 266 ; 266 ; 399 ; 722 ; 1795 ; 769
Suiza ; 178 ; 186 ; 309 ; 565 ; 1671 ; 395
Suriname ; 22 ; 22 ; 40 ; 53 ; 104 ; 18
Swazilandia ; 84 ; 79 ; 120 ; 174 ; 153 ; 179
Tailandia ; 2378 ; 2378 ; 3777 ; 6155 ; 15666 ; 9512
Tayikistan ; 466 ; 427 ; 660 ; 962 ; 1180 ; 442
Territorio Palestino Ocupado ; 372 ; 351 ; 494 ; 540 ; 616 ; 168
Timor-Leste ; 116 ; 97 ; 126 ; 148 ; 157 ; 104
Togo ; 510 ; 479 ; 692 ; 852 ; 1057 ; 236
Tonga ; 6 ; 7 ; 9 ; 10 ; 15 ; 3
Trinidad y Tabago ; 48 ; 47 ; 71 ; 133 ; 309 ; 36
Tunez ; 403 ; 381 ; 599 ; 1121 ; 2264 ; 348
Turkmenistan ; 259 ; 253 ; 386 ; 645 ; 1030 ; 281
Turquia ; 3199 ; 3199 ; 5198 ; 7917 ; 15993 ; 3918
Tuvalu ; 1 ; 0 ; 1 ; 1 ; 2 ; 1
Ucrania ; 1148 ; 1104 ; 1590 ; 3489 ; 10202 ; 2606
Uganda ; 3693 ; 3137 ; 3931 ; 4249 ; 3971 ; 1628
Uruguay ; 117 ; 120 ; 199 ; 298 ; 652 ; 185
Uzbekistan ; 1355 ; 1267 ; 2062 ; 3535 ; 5390 ; 1532
Vanuatu ; 17 ; 17 ; 23 ; 30 ; 40 ; 39
Venezuela (Republica Bolivariana de) ; 1439 ; 1439 ; 2222 ; 3192 ; 5664 ; 657
Viet Nam ; 3465 ; 3465 ; 5806 ; 9739 ; 19291 ; 10488
Yemen ; 2086 ; 1892 ; 2587 ; 3199 ; 3366 ; 1141
Zambia ; 1258 ; 1124 ; 1483 ; 1618 ; 1603 ; 434
Zimbabwe ; 926 ; 856 ; 1291 ; 1936 ; 1669 ; 744
