Afganistan ; 3082 ; 2568 ; 3493 ; 3836 ; 4144 ; 651
Albania ; 124 ; 114 ; 199 ; 355 ; 586 ; 225
Alemania ; 1627 ; 1708 ; 3091 ; 5613 ; 17815 ; 10087
Andorra ; 2 ; 2 ; 4 ; 7 ; 23 ; 9
Angola ; 1800 ; 1518 ; 2082 ; 2343 ; 2538 ; 412
Anguilla ; 1 ; 1 ; 1 ; 2 ; 4 ; 1
Antigua y Barbuda ; 3 ; 4 ; 6 ; 8 ; 20 ; 5
Antillas Neerlandesas ; 6 ; 7 ; 10 ; 12 ; 45 ; 16
Arabia Saudita ; 1505 ; 1447 ; 2199 ; 3298 ; 6365 ; 868
Argelia ; 1828 ; 1752 ; 2514 ; 4266 ; 7465 ; 1409
Argentina ; 1744 ; 1744 ; 2723 ; 4085 ; 7786 ; 2808
Armenia ; 126 ; 119 ; 170 ; 317 ; 537 ; 198
Aruba ; 3 ; 3 ; 6 ; 9 ; 23 ; 8
Australia ; 723 ; 723 ; 1130 ; 1854 ; 4544 ; 2261
Austria ; 195 ; 203 ; 356 ; 635 ; 1846 ; 914
Azerbaiyan ; 443 ; 415 ; 566 ; 1037 ; 1763 ; 405
Bahamas ; 14 ; 14 ; 23 ; 35 ; 72 ; 19
Bahrein ; 35 ; 35 ; 57 ; 104 ; 247 ; 24
Bangladesh ; 8235 ; 8235 ; 13842 ; 19975 ; 32240 ; 5957
Barbados ; 7 ; 7 ; 12 ; 22 ; 59 ; 20
Belarus ; 234 ; 243 ; 384 ; 805 ; 2030 ; 636
Belgica ; 305 ; 315 ; 490 ; 783 ; 2219 ; 1207
Belice ; 19 ; 18 ; 29 ; 40 ; 57 ; 10
Benin ; 862 ; 756 ; 1001 ; 1139 ; 1395 ; 234
Bermudas ; 2 ; 2 ; 3 ; 6 ; 15 ; 5
Bhutan ; 37 ; 35 ; 58 ; 95 ; 152 ; 31
Bolivia ; 630 ; 619 ; 944 ; 1216 ; 1628 ; 380
Bosnia y Herzegovina ; 86 ; 89 ; 160 ; 309 ; 794 ; 354
Botswana ; 118 ; 114 ; 168 ; 261 ; 337 ; 61
Brasil ; 7100 ; 7709 ; 13998 ; 20287 ; 39762 ; 10752
Brunei Darussalam ; 19 ; 19 ; 29 ; 51 ; 90 ; 19
Bulgaria ; 182 ; 182 ; 269 ; 516 ; 1569 ; 784
Burkina Faso ; 1749 ; 1540 ; 1787 ; 1977 ; 2225 ; 247
Burundi ; 659 ; 574 ; 800 ; 1120 ; 1280 ; 198
Cabo Verde ; 30 ; 29 ; 48 ; 64 ; 81 ; 11
Camboya ; 916 ; 834 ; 1292 ; 2110 ; 2470 ; 425
Camerun ; 1641 ; 1507 ; 2017 ; 2483 ; 2904 ; 554
Canada ; 958 ; 958 ; 1562 ; 2839 ; 7631 ; 3656
Chad ; 1141 ; 958 ; 1273 ; 1391 ; 1496 ; 262
Chile ; 645 ; 627 ; 1040 ; 1757 ; 3585 ; 1201
China ; 50543 ; 47735 ; 78622 ; 141800 ; 308872 ; 101085
Chipre ; 28 ; 26 ; 43 ; 83 ; 187 ; 84
Colombia ; 2272 ; 2272 ; 3605 ; 5087 ; 8840 ; 2222
Comoras ; 64 ; 62 ; 87 ; 108 ; 152 ; 24
Congo ; 292 ; 270 ; 384 ; 482 ; 575 ; 110
Costa Rica ; 198 ; 193 ; 332 ; 540 ; 986 ; 263
Cote d'Ivoire ; 1719 ; 1574 ; 2227 ; 2639 ; 3317 ; 799
Croacia ; 109 ; 109 ; 179 ; 323 ; 922 ; 468
Cuba ; 292 ; 292 ; 549 ; 953 ; 2500 ; 1032
Dinamarca ; 155 ; 166 ; 282 ; 425 ; 1088 ; 630
Djibouti ; 56 ; 53 ; 82 ; 114 ; 146 ; 26
Dominica ; 2 ; 3 ; 4 ; 6 ; 14 ; 4
Ecuador ; 686 ; 701 ; 1153 ; 1533 ; 2481 ; 744
Egipto ; 5048 ; 4956 ; 7159 ; 10096 ; 15327 ; 3579
El Salvador ; 313 ; 300 ; 517 ; 689 ; 862 ; 306
Emiratos Arabes Unidos ; 166 ; 161 ; 270 ; 660 ; 2088 ; 104
Eritrea ; 451 ; 427 ; 541 ; 643 ; 811 ; 90
Eslovaquia ; 141 ; 141 ; 223 ; 457 ; 1223 ; 446
Eslovenia ; 51 ; 51 ; 76 ; 143 ; 462 ; 219
España ; 1322 ; 1274 ; 1841 ; 3068 ; 11046 ; 4862
Estados Unidos de America ; 11299 ; 11299 ; 17946 ; 28248 ; 65470 ; 30242
Estonia ; 43 ; 40 ; 52 ; 107 ; 262 ; 114
Etiopia ; 7410 ; 6737 ; 9143 ; 10682 ; 11645 ; 2310
Federacion de Rusia ; 4002 ; 3864 ; 5519 ; 11453 ; 28838 ; 9797
Fiji ; 42 ; 43 ; 72 ; 96 ; 154 ; 37
Filipinas ; 5697 ; 5494 ; 8342 ; 11394 ; 16786 ; 3662
Finlandia ; 152 ; 152 ; 244 ; 407 ; 1059 ; 652
Francia ; 1853 ; 1981 ; 3195 ; 4729 ; 12269 ; 7093
Gabon ; 97 ; 92 ; 141 ; 193 ; 244 ; 56
Gambia ; 149 ; 135 ; 187 ; 208 ; 262 ; 46
Georgia ; 123 ; 127 ; 188 ; 368 ; 772 ; 339
Ghana ; 1858 ; 1669 ; 2396 ; 3043 ; 3931 ; 781
Gibraltar ; 1 ; 1 ; 1 ; 2 ; 8 ; 3
Granada ; 5 ; 5 ; 7 ; 13 ; 19 ; 5
Grecia ; 270 ; 282 ; 439 ; 743 ; 2556 ; 1295
Groenlandia ; 2 ; 2 ; 3 ; 5 ; 13 ; 4
Guadalupe ; 16 ; 17 ; 28 ; 36 ; 88 ; 41
Guam ; 8 ; 8 ; 14 ; 19 ; 36 ; 11
Guatemala ; 1152 ; 1087 ; 1542 ; 1753 ; 1866 ; 503
Guayana francesa ; 14 ; 14 ; 21 ; 27 ; 44 ; 10
Guinea ; 948 ; 841 ; 1113 ; 1279 ; 1516 ; 284
Guinea Ecuatorial ; 62 ; 52 ; 70 ; 85 ; 103 ; 18
Guinea-Bissau ; 150 ; 128 ; 170 ; 187 ; 231 ; 52
Guyana ; 30 ; 31 ; 62 ; 75 ; 145 ; 42
Haiti ; 657 ; 636 ; 953 ; 1260 ; 1578 ; 340
Honduras ; 503 ; 486 ; 738 ; 990 ; 1199 ; 277
Hungria ; 247 ; 257 ; 405 ; 741 ; 2093 ; 938
India ; 64710 ; 64710 ; 103535 ; 146244 ; 235543 ; 53062
Indonesia ; 10012 ; 10500 ; 16849 ; 24419 ; 48838 ; 11233
Iran (Republica Islamica del) ; 3417 ; 3417 ; 4608 ; 9376 ; 16368 ; 3099
Iraq ; 2404 ; 2332 ; 3409 ; 4091 ; 5060 ; 861
Irlanda ; 181 ; 181 ; 254 ; 371 ; 1060 ; 396
Islandia ; 12 ; 12 ; 18 ; 31 ; 79 ; 31
Islas Caiman ; 2 ; 2 ; 4 ; 5 ; 12 ; 3
Islas Cook ; 1 ; 1 ; 2 ; 2 ; 3 ; 1
Islas Feroe (Miembro Asociado) ; 2 ; 2 ; 3 ; 4 ; 10 ; 6
Islas Malvinas ; 0 ; 0 ; 0 ; 0 ; 1 ; 0
Islas Marianas septentrionales ; 5 ; 5 ; 7 ; 10 ; 17 ; 3
Islas Marshall ; 4 ; 3 ; 5 ; 7 ; 12 ; 2
Islas Salomon ; 40 ; 38 ; 56 ; 69 ; 92 ; 16
Islas Turcas y Caicos ; 1 ; 1 ; 2 ; 3 ; 7 ; 2
Islas Virgenes (EE.UU.) ; 3 ; 4 ; 6 ; 9 ; 17 ; 11
Islas Virgenes Britanicas ; 1 ; 1 ; 1 ; 2 ; 5 ; 1
Islas Wallis y Futuna ; 1 ; 1 ; 1 ; 2 ; 2 ; 1
Israel ; 352 ; 360 ; 548 ; 704 ; 1361 ; 555
Italia ; 1394 ; 1515 ; 2364 ; 3697 ; 13272 ; 7333
Jamahiriya Arabe Libia ; 372 ; 365 ; 523 ; 709 ; 1439 ; 279
Jamaica ; 128 ; 128 ; 212 ; 301 ; 449 ; 150
Japon ; 2390 ; 2642 ; 4780 ; 7673 ; 25158 ; 18365
Jordania ; 397 ; 390 ; 577 ; 786 ; 1211 ; 202
Kazajstan ; 749 ; 749 ; 928 ; 1678 ; 2997 ; 619
Kenya ; 3668 ; 3343 ; 4272 ; 5108 ; 5851 ; 929
Kirguistan ; 300 ; 294 ; 417 ; 676 ; 1023 ; 200
Kiribati ; 5 ; 5 ; 8 ; 11 ; 19 ; 4
Kuwait ; 132 ; 132 ; 189 ; 351 ; 1071 ; 111
La ex Republica Yugoslava de Macedonia ; 57 ; 57 ; 102 ; 184 ; 448 ; 172
Lesotho ; 137 ; 132 ; 208 ; 269 ; 225 ; 61
Letonia ; 62 ; 57 ; 81 ; 180 ; 455 ; 182
Libano ; 168 ; 164 ; 292 ; 465 ; 850 ; 230
Liberia ; 359 ; 322 ; 439 ; 499 ; 597 ; 107
Liechtenstein ; 1 ; 1 ; 2 ; 3 ; 8 ; 4
Lituania ; 79 ; 75 ; 126 ; 277 ; 660 ; 255
Luxemburgo ; 15 ; 15 ; 25 ; 42 ; 115 ; 47
Madagascar ; 1691 ; 1531 ; 2171 ; 2491 ; 2948 ; 548
Malasia ; 1382 ; 1412 ; 2223 ; 3184 ; 5678 ; 1352
Malawi ; 1494 ; 1332 ; 1836 ; 1980 ; 1944 ; 396
Maldivas ; 16 ; 14 ; 23 ; 45 ; 62 ; 10
Mali ; 1259 ; 1094 ; 1439 ; 1649 ; 1724 ; 240
Malta ; 10 ; 10 ; 18 ; 35 ; 90 ; 47
Marruecos ; 1614 ; 1579 ; 2403 ; 3673 ; 6076 ; 1476
Martinica ; 12 ; 13 ; 23 ; 33 ; 75 ; 38
Mauricio ; 47 ; 45 ; 80 ; 126 ; 285 ; 78
Mauritania ; 261 ; 243 ; 343 ; 418 ; 552 ; 75
Mexico ; 4852 ; 4968 ; 8087 ; 11322 ; 21719 ; 5892
Micronesia (Estados Federados de) ; 6 ; 7 ; 11 ; 15 ; 16 ; 4
Monaco ; 1 ; 1 ; 1 ; 2 ; 7 ; 4
Mongolia ; 126 ; 120 ; 180 ; 340 ; 560 ; 86
Montenegro ; 19 ; 19 ; 34 ; 55 ; 127 ; 54
Montserrat ; 0 ; 0 ; 0 ; 1 ; 1 ; 0
Mozambique ; 1999 ; 1869 ; 2570 ; 2803 ; 2907 ; 597
Myanmar ; 2336 ; 2283 ; 3504 ; 5362 ; 10140 ; 2283
Namibia ; 145 ; 140 ; 210 ; 289 ; 347 ; 63
Nauru ; 1 ; 1 ; 1 ; 1 ; 2 ; 0
Nepal ; 1820 ; 1788 ; 2958 ; 3835 ; 4745 ; 975
Nicaragua ; 351 ; 345 ; 526 ; 727 ; 946 ; 213
Niger ; 2011 ; 1666 ; 1858 ; 1704 ; 2068 ; 326
Nigeria ; 13546 ; 12315 ; 16713 ; 19352 ; 22519 ; 4222
Noruega ; 151 ; 156 ; 257 ; 403 ; 1022 ; 524
Nueva Caledonia ; 10 ; 11 ; 18 ; 27 ; 53 ; 17
Nueva Zelandia ; 153 ; 153 ; 243 ; 386 ; 871 ; 418
Oman ; 166 ; 154 ; 243 ; 406 ; 704 ; 109
Paises Bajos ; 457 ; 474 ; 829 ; 1269 ; 3468 ; 1894
Pakistan ; 13358 ; 12330 ; 17879 ; 23838 ; 31442 ; 6782
Palau ; 1 ; 1 ; 2 ; 2 ; 4 ; 1
Panama ; 174 ; 177 ; 275 ; 377 ; 698 ; 200
Papua Nueva Guinea ; 522 ; 499 ; 722 ; 852 ; 1129 ; 169
Paraguay ; 378 ; 371 ; 582 ; 792 ; 1107 ; 294
Peru ; 1466 ; 1497 ; 2371 ; 3369 ; 5522 ; 1435
Polinesia Francesa ; 12 ; 12 ; 19 ; 31 ; 58 ; 15
Polonia ; 945 ; 945 ; 1512 ; 3099 ; 8200 ; 3476
Portugal ; 259 ; 270 ; 464 ; 723 ; 2352 ; 1165
Puerto Rico ; 130 ; 130 ; 216 ; 342 ; 762 ; 367
Qatar ; 46 ; 46 ; 68 ; 245 ; 764 ; 41
Reino Unido ; 1906 ; 1906 ; 2922 ; 5273 ; 12579 ; 6670
Republica Arabe Siria ; 1494 ; 1470 ; 2009 ; 2743 ; 4090 ; 637
Republica Centroafricana ; 340 ; 310 ; 453 ; 547 ; 641 ; 128
Republica Checa ; 294 ; 284 ; 389 ; 788 ; 2323 ; 1093
Republica De Corea ; 1131 ; 1180 ; 2261 ; 4080 ; 11748 ; 3932
Republica De Moldova ; 111 ; 107 ; 145 ; 343 ; 685 ; 256
Republica Democratica Del Congo ; 6658 ; 5652 ; 7664 ; 8361 ; 8594 ; 1471
Republica Democratica Popular Lao ; 429 ; 401 ; 625 ; 864 ; 998 ; 190
Republica Dominicana ; 543 ; 554 ; 837 ; 1130 ; 1858 ; 522
Republica Popular Democratica de Corea ; 805 ; 781 ; 1415 ; 2367 ; 5343 ; 1342
Republica Unida de Tanzania ; 4533 ; 3908 ; 4898 ; 5471 ; 6097 ; 1146
Reunion ; 37 ; 37 ; 58 ; 83 ; 168 ; 48
Rumania ; 520 ; 540 ; 873 ; 1663 ; 4573 ; 1912
Rwanda ; 975 ; 810 ; 1022 ; 1292 ; 1409 ; 200
Sahara occidental ; 32 ; 29 ; 41 ; 68 ; 141 ; 18
Saint Kitts y Nevis ; 2 ; 2 ; 3 ; 5 ; 12 ; 3
Saint-Pierre y Miquelon ; 0 ; 0 ; 0 ; 1 ; 1 ; 0
Samoa ; 10 ; 10 ; 20 ; 24 ; 25 ; 6
Samoa Americana ; 4 ; 4 ; 6 ; 9 ; 12 ; 3
San Marino ; 1 ; 1 ; 1 ; 2 ; 8 ; 3
San Vicente y las Granadinas ; 5 ; 5 ; 8 ; 11 ; 22 ; 5
Santa Elena ; 0 ; 0 ; 0 ; 0 ; 1 ; 0
Santa Lucia ; 7 ; 8 ; 12 ; 20 ; 34 ; 8
Santo Tome y Principe ; 12 ; 12 ; 17 ; 21 ; 24 ; 4
Senegal ; 1133 ; 1031 ; 1394 ; 1627 ; 1772 ; 247
Serbia ; 285 ; 295 ; 482 ; 816 ; 2044 ; 943
Seychelles ; 4 ; 4 ; 7 ; 10 ; 14 ; 3
Sierra Leona ; 531 ; 472 ; 623 ; 662 ; 820 ; 98
Singapur ; 101 ; 106 ; 228 ; 435 ; 1164 ; 501
Somalia ; 934 ; 783 ; 1019 ; 1062 ; 1309 ; 225
Sri Lanka ; 868 ; 889 ; 1312 ; 1884 ; 4022 ; 1397
Sudafrica ; 2584 ; 2533 ; 4031 ; 5892 ; 8683 ; 1757
Sudan ; 3102 ; 2912 ; 4391 ; 5441 ; 6825 ; 1384
Suecia ; 285 ; 285 ; 418 ; 750 ; 1852 ; 1140
Suiza ; 186 ; 193 ; 333 ; 580 ; 1609 ; 859
Suriname ; 24 ; 24 ; 40 ; 54 ; 106 ; 25
Swazilandia ; 85 ; 80 ; 121 ; 175 ; 144 ; 31
Tailandia ; 2448 ; 2448 ; 3987 ; 6364 ; 14687 ; 4336
Tayikistan ; 489 ; 442 ; 675 ; 970 ; 1063 ; 186
Territorio Palestino Ocupado ; 392 ; 366 ; 514 ; 565 ; 652 ; 107
Timor-Leste ; 122 ; 101 ; 132 ; 155 ; 162 ; 32
Togo ; 517 ; 479 ; 685 ; 852 ; 1042 ; 198
Tonga ; 6 ; 7 ; 10 ; 11 ; 15 ; 4
Trinidad y Tabago ; 49 ; 48 ; 73 ; 134 ; 291 ; 67
Tunez ; 435 ; 414 ; 642 ; 1186 ; 2220 ; 577
Turkmenistan ; 270 ; 259 ; 397 ; 650 ; 975 ; 160
Turquia ; 3279 ; 3359 ; 5438 ; 8077 ; 16233 ; 3678
Tuvalu ; 1 ; 1 ; 1 ; 1 ; 2 ; 0
Ucrania ; 1237 ; 1148 ; 1634 ; 3622 ; 9230 ; 3489
Uganda ; 3733 ; 3177 ; 4011 ; 4289 ; 4090 ; 635
Uruguay ; 123 ; 123 ; 206 ; 309 ; 628 ; 268
Uzbekistan ; 1414 ; 1296 ; 2150 ; 3653 ; 5214 ; 943
Vanuatu ; 18 ; 17 ; 25 ; 32 ; 40 ; 8
Venezuela (Republica Bolivariana de) ; 1502 ; 1502 ; 2316 ; 3286 ; 5601 ; 1471
Viet Nam ; 3652 ; 3652 ; 6181 ; 10488 ; 18448 ; 4027
Yemen ; 2170 ; 1975 ; 2698 ; 3310 ; 3366 ; 529
Zambia ; 1288 ; 1138 ; 1498 ; 1633 ; 1633 ; 315
Zimbabwe ; 926 ; 856 ; 1291 ; 1922 ; 1543 ; 323
